data1=np.array([[ 0.76505131,  1.64384688,  1.        ],
       [ 0.4937254 ,  1.53587373,  1.        ],
       [ 0.40498773,  0.95220625,  1.        ],
       [ 0.17002722,  1.70371323,  1.        ],
       [ 0.82009952,  1.62464701,  1.        ],
       [ 0.04158129,  0.59795923,  1.        ],
       [ 0.75624779,  2.06835937,  1.        ],
       [ 0.63379986,  1.57821266,  1.        ],
       [ 0.43494052,  1.6821308 ,  1.        ],
       [ 0.74739331,  1.97454338,  1.        ],
       [ 0.42107603,  0.9213946 ,  1.        ],
       [ 0.58320439,  1.83114809,  1.        ],
       [ 0.89114603,  1.63361689,  1.        ],
       [ 0.28084521,  1.32151184,  1.        ],
       [ 0.18094881,  0.87662153,  1.        ],
       [ 0.31771926,  1.25659202,  1.        ],
       [ 0.8808613 ,  2.05134539,  1.        ],
       [ 0.91795775,  1.53481488,  1.        ],
       [ 0.91390443,  1.76819944,  1.        ],
       [ 0.04307559,  1.3395491 ,  1.        ],
       [ 0.73029851,  1.38120794,  1.        ],
       [ 0.46209927,  1.40698476,  1.        ],
       [ 0.80078772,  1.8390406 ,  1.        ],
       [ 0.5535385 ,  1.59751475,  1.        ],
       [ 0.89823106,  1.85732356,  1.        ],
       [ 0.84089549,  1.54392541,  1.        ],
       [ 0.48604679,  1.72541661,  1.        ],
       [ 0.27965587,  0.95441649,  1.        ],
       [ 0.51558235,  1.19634455,  1.        ],
       [ 0.99490445,  2.07059608,  1.        ],
       [ 0.57952323,  1.56297017,  1.        ],
       [ 0.70385814,  1.7882576 ,  1.        ],
       [ 0.7367561 ,  1.65463485,  1.        ],
       [ 0.40707271,  1.13216492,  1.        ],
       [ 0.37561584,  1.14697806,  1.        ],
       [ 0.38311922,  1.10629121,  1.        ],
       [ 0.15577153,  0.76323047,  1.        ],
       [ 0.37856854,  1.83568585,  1.        ],
       [ 0.96900711,  1.60481691,  1.        ],
       [ 0.37573736,  1.92605357,  1.        ],
       [ 0.30055835,  1.50112087,  1.        ],
       [ 0.8930498 ,  1.82602757,  1.        ],
       [ 0.27703191,  1.67590981,  1.        ],
       [ 0.3736048 ,  1.61840855,  1.        ],
       [ 0.07049453,  0.99487596,  1.        ],
       [ 0.50679242,  1.70899249,  1.        ],
       [ 0.63986527,  1.75570615,  1.        ],
       [ 0.81412792,  1.42885073,  1.        ],
       [ 0.95868358,  2.28968537,  1.        ],
       [ 0.29138255,  0.92704227,  1.        ]])