data2=np.array([[ 0.56412948,  1.04097892, -1.        ],
       [ 0.6820526 ,  0.93382673, -1.        ],
       [ 0.67692074,  1.05424455, -1.        ],
       [ 0.5920737 ,  1.03649862, -1.        ],
       [ 0.69971767,  0.7610509 , -1.        ],
       [ 0.43396441,  0.53560378, -1.        ],
       [ 0.78212956,  1.14337892, -1.        ],
       [ 0.996166  ,  1.08600139, -1.        ],
       [ 0.44392814,  0.52591318, -1.        ],
       [ 0.45085157,  0.61504262, -1.        ],
       [ 0.60425502,  0.68222801, -1.        ],
       [ 0.41609595,  0.83288498, -1.        ],
       [ 0.78829717,  0.98849628, -1.        ],
       [ 0.75291617,  1.23084956, -1.        ],
       [ 0.64796564,  0.83052623, -1.        ],
       [ 0.95386366,  1.09152585, -1.        ],
       [ 0.59860916,  0.94648399, -1.        ],
       [ 0.75165702,  1.0405446 , -1.        ],
       [ 0.84039426,  1.09412174, -1.        ],
       [ 0.67611758,  0.89261608, -1.        ],
       [ 0.6564336 ,  0.70993259, -1.        ],
       [ 0.52105029,  0.57122373, -1.        ],
       [ 0.61278698,  0.92636501, -1.        ],
       [ 0.47276585,  0.80426294, -1.        ],
       [ 0.62094583,  0.87962329, -1.        ],
       [ 0.86671501,  0.87364938, -1.        ],
       [ 0.77047028,  0.9008572 , -1.        ],
       [ 0.79661146,  1.15483737, -1.        ],
       [ 0.40213334,  0.83745141, -1.        ],
       [ 0.74621157,  0.94876337, -1.        ],
       [ 0.91731234,  1.34807229, -1.        ],
       [ 0.43858287,  0.82119004, -1.        ],
       [ 0.58465637,  1.07197731, -1.        ],
       [ 0.43518174,  0.79974913, -1.        ],
       [ 0.79693012,  1.23077508, -1.        ],
       [ 0.91400691,  1.31090357, -1.        ],
       [ 0.84455841,  1.05548537, -1.        ],
       [ 0.83165429,  0.94788647, -1.        ],
       [ 0.8278808 ,  0.9537706 , -1.        ],
       [ 0.43389455,  0.80068156, -1.        ],
       [ 0.65587188,  0.89686448, -1.        ],
       [ 0.6239082 ,  0.74943324, -1.        ],
       [ 0.87522466,  1.29164587, -1.        ],
       [ 0.59714148,  0.60829718, -1.        ],
       [ 0.44321587,  0.5711267 , -1.        ],
       [ 0.66170595,  1.09317839, -1.        ],
       [ 0.41100668,  0.76438542, -1.        ],
       [ 0.86356991,  1.12995597, -1.        ],
       [ 0.75894205,  1.10399455, -1.        ],
       [ 0.47787196,  0.92219712, -1.        ]])